-59 0.9423 0
-58 0.9468 0
-57 0.9513 0
-56 0.9531 0
-55 0.9585 0
-54 0.9621 0
-53 0.9675 0
-52 0.9729 0
-51 0.9783 0
-50 0.9837 0
-49 0.9891 0
-48 0.9918 0
-47 0.9945 0
-46 1.0026 0
-45 1.0071 0
-44 1.0152 0
-43 1.0233 0
-42 1.0269 0
-41 1.035 0
-40 1.0467 0
-39 1.0548 0
-38 1.0665 0
-37 1.0737 0
-36 1.0854 0
-35 1.0917 0
-34 1.1079 0
-33 1.1169 0
-32 1.1331 0
-31 1.1448 0
-30 1.1682 0
-29 1.1916 0
-28 1.2015 0
-27 1.2186 0
-26 1.2456 0
-25 1.2735 0
-24 1.2996 0
-23 1.3302 0
-22 1.3338 0
-21 1.3509 0
-20 1.3941 0
-19 1.4148 0
-18 1.4607 0
-17 1.5066 0
-16 1.5678 0
-15 1.6254 0
-14 1.5399 0
-13 1.2078 0
-12 1.0971 0
-11 1.1016 0
-10 1.1097 0
-9 1.0287 0
-8 0.963 0
-7 0.9351 0
-6 0.9036 0
-5 0.8838 0
-4 0.882 0
