-59 0.92659 0
-58 0.92663 0
-57 0.92665 0
-56 0.92665 0
-55 0.92663 0
-54 0.9266 0
-53 0.92654 0
-52 0.92646 0
-51 0.92636 0
-50 0.92623 0
-49 0.92607 0
-48 0.92589 0
-47 0.92569 0
-46 0.92548 0
-45 0.92523 0
-44 0.92496 0
-43 0.92465 0
-42 0.92431 0
-41 0.92394 0
-40 0.92353 0
-39 0.92307 0
-38 0.92256 0
-37 0.922 0
-36 0.9214 0
-35 0.92075 0
-34 0.92006 0
-33 0.91929 0
-32 0.91848 0
-31 0.91759 0
-30 0.91664 0
-29 0.91558 0
-28 0.9144 0
-27 0.91316 0
-26 0.91185 0
-25 0.9104 0
-24 0.90881 0
-23 0.9071 0
-22 0.90523 0
-21 0.90333 0
-20 0.90135 0
-19 0.89916 0
-18 0.89686 0
-17 0.89433 0
-16 0.89158 0
-15 0.88852 0
-14 0.88519 0
-13 0.88224 0
-12 0.88082 0
-11 0.87992 0
-10 0.87899 0
-9 0.87802 0
-8 0.87742 0
-7 0.87712 0
-6 0.87696 0
-5 0.87694 0
-4 0.87701 0
