-59 1.0256 0
-58 1.0275 0
-57 1.0295 0
-56 1.0313 0
-55 1.0332 0
-54 1.035 0
-53 1.0367 0
-52 1.0384 0
-51 1.04 0
-50 1.0415 0
-49 1.0429 0
-48 1.0442 0
-47 1.0455 0
-46 1.0467 0
-45 1.0478 0
-44 1.0489 0
-43 1.0497 0
-42 1.0505 0
-41 1.0511 0
-40 1.0516 0
-39 1.0518 0
-38 1.0519 0
-37 1.0517 0
-36 1.0513 0
-35 1.0507 0
-34 1.0499 0
-33 1.0488 0
-32 1.0474 0
-31 1.0456 0
-30 1.0435 0
-29 1.0409 0
-28 1.0376 0
-27 1.0341 0
-26 1.0302 0
-25 1.0255 0
-24 1.0201 0
-23 1.014 0
-22 1.0071 0
-21 0.99997 0
-20 0.99229 0
-19 0.98348 0
-18 0.97402 0
-17 0.96332 0
-16 0.95136 0
-15 0.93778 0
-14 0.92261 0
-13 0.909 0
-12 0.90247 0
-11 0.89825 0
-10 0.89384 0
-9 0.88915 0
-8 0.88616 0
-7 0.88456 0
-6 0.88354 0
-5 0.8832 0
-4 0.88329 0
