-59 1.037 0
-58 1.0416 0
-57 1.0462 0
-56 1.0509 0
-55 1.0557 0
-54 1.0604 0
-53 1.0652 0
-52 1.07 0
-51 1.0748 0
-50 1.0795 0
-49 1.0842 0
-48 1.0889 0
-47 1.0936 0
-46 1.0985 0
-45 1.1032 0
-44 1.1079 0
-43 1.1124 0
-42 1.1168 0
-41 1.1212 0
-40 1.1255 0
-39 1.1294 0
-38 1.133 0
-37 1.1364 0
-36 1.1395 0
-35 1.1422 0
-34 1.1447 0
-33 1.1466 0
-32 1.1482 0
-31 1.149 0
-30 1.1494 0
-29 1.1486 0
-28 1.1467 0
-27 1.1442 0
-26 1.1408 0
-25 1.136 0
-24 1.1296 0
-23 1.1216 0
-22 1.1118 0
-21 1.1014 0
-20 1.0896 0
-19 1.0753 0
-18 1.0592 0
-17 1.0402 0
-16 1.0181 0
-15 0.99208 0
-14 0.96204 0
-13 0.93464 0
-12 0.92174 0
-11 0.9135 0
-10 0.90465 0
-9 0.895 0
-8 0.88874 0
-7 0.88531 0
-6 0.88304 0
-5 0.88217 0
-4 0.8822 0
