-59 0.88764 0
-58 0.88763 0
-57 0.88761 0
-56 0.88758 0
-55 0.88754 0
-54 0.8875 0
-53 0.88744 0
-52 0.88738 0
-51 0.8873 0
-50 0.88721 0
-49 0.88711 0
-48 0.887 0
-47 0.88688 0
-46 0.88675 0
-45 0.88661 0
-44 0.88646 0
-43 0.88629 0
-42 0.8861 0
-41 0.8859 0
-40 0.88569 0
-39 0.88545 0
-38 0.88519 0
-37 0.8849 0
-36 0.8846 0
-35 0.88427 0
-34 0.88393 0
-33 0.88356 0
-32 0.88316 0
-31 0.88273 0
-30 0.88227 0
-29 0.88176 0
-28 0.88119 0
-27 0.88061 0
-26 0.87998 0
-25 0.8793 0
-24 0.87856 0
-23 0.87775 0
-22 0.87688 0
-21 0.876 0
-20 0.87508 0
-19 0.87407 0
-18 0.873 0
-17 0.87184 0
-16 0.87057 0
-15 0.86917 0
-14 0.86765 0
-13 0.8663 0
-12 0.86566 0
-11 0.86527 0
-10 0.86486 0
-9 0.86444 0
-8 0.86419 0
-7 0.86408 0
-6 0.86403 0
-5 0.86405 0
-4 0.86411 0
