-59 0.9464 0
-58 0.95062 0
-57 0.95455 0
-56 0.95792 0
-55 0.96286 0
-54 0.96733 0
-53 0.97268 0
-52 0.97798 0
-51 0.98318 0
-50 0.98818 0
-49 0.99278 0
-48 0.99658 0
-47 1.0015 0
-46 1.0086 0
-45 1.0147 0
-44 1.0223 0
-43 1.0296 0
-42 1.0361 0
-41 1.0453 0
-40 1.0558 0
-39 1.0651 0
-38 1.0755 0
-37 1.0846 0
-36 1.0956 0
-35 1.106 0
-34 1.1205 0
-33 1.1332 0
-32 1.1496 0
-31 1.1662 0
-30 1.1877 0
-29 1.2073 0
-28 1.2232 0
-27 1.245 0
-26 1.2716 0
-25 1.2978 0
-24 1.3223 0
-23 1.3451 0
-22 1.3602 0
-21 1.3867 0
-20 1.4227 0
-19 1.4515 0
-18 1.4883 0
-17 1.5162 0
-16 1.5259 0
-15 1.4842 0
-14 1.3432 0
-13 1.1466 0
-12 1.0855 0
-11 1.074 0
-10 1.0465 0
-9 0.98351 0
-8 0.93844 0
-7 0.91398 0
-6 0.89297 0
-5 0.88245 0
-4 0.88121 0
