-59 0.96 0
-58 0.96454 0
-57 0.96909 0
-56 0.97365 0
-55 0.97891 0
-54 0.98413 0
-53 0.98976 0
-52 0.99545 0
-51 1.0012 0
-50 1.0071 0
-49 1.013 0
-48 1.0191 0
-47 1.0261 0
-46 1.0341 0
-45 1.0421 0
-44 1.051 0
-43 1.06 0
-42 1.0693 0
-41 1.0801 0
-40 1.0915 0
-39 1.1028 0
-38 1.115 0
-37 1.1272 0
-36 1.1407 0
-35 1.1547 0
-34 1.1706 0
-33 1.1864 0
-32 1.2039 0
-31 1.2218 0
-30 1.2412 0
-29 1.2596 0
-28 1.2768 0
-27 1.2957 0
-26 1.3152 0
-25 1.3327 0
-24 1.3477 0
-23 1.3599 0
-22 1.3675 0
-21 1.3761 0
-20 1.3825 0
-19 1.3798 0
-18 1.3712 0
-17 1.349 0
-16 1.3098 0
-15 1.2455 0
-14 1.1506 0
-13 1.0534 0
-12 1.0149 0
-11 0.99452 0
-10 0.96786 0
-9 0.93252 0
-8 0.90858 0
-7 0.89508 0
-6 0.88519 0
-5 0.88069 0
-4 0.88002 0
