-59 0.97374 0
-58 0.97418 0
-57 0.97457 0
-56 0.97492 0
-55 0.97526 0
-54 0.97555 0
-53 0.9758 0
-52 0.976 0
-51 0.97615 0
-50 0.97625 0
-49 0.97629 0
-48 0.97628 0
-47 0.97624 0
-46 0.97618 0
-45 0.97603 0
-44 0.97583 0
-43 0.97555 0
-42 0.97519 0
-41 0.97478 0
-40 0.97429 0
-39 0.97368 0
-38 0.97298 0
-37 0.97215 0
-36 0.97124 0
-35 0.97021 0
-34 0.9691 0
-33 0.96781 0
-32 0.96642 0
-31 0.96486 0
-30 0.96315 0
-29 0.9612 0
-28 0.95899 0
-27 0.95665 0
-26 0.95412 0
-25 0.95129 0
-24 0.94815 0
-23 0.94472 0
-22 0.94094 0
-21 0.93708 0
-20 0.93302 0
-19 0.92847 0
-18 0.92367 0
-17 0.91836 0
-16 0.91253 0
-15 0.90602 0
-14 0.89886 0
-13 0.89249 0
-12 0.88941 0
-11 0.88742 0
-10 0.88537 0
-9 0.88321 0
-8 0.88185 0
-7 0.88113 0
-6 0.88069 0
-5 0.88057 0
-4 0.88064 0
