-59 0.99135 0
-58 0.99692 0
-57 1.0026 0
-56 1.0084 0
-55 1.0147 0
-54 1.0211 0
-53 1.0277 0
-52 1.0346 0
-51 1.0415 0
-50 1.0487 0
-49 1.056 0
-48 1.0636 0
-47 1.0717 0
-46 1.0804 0
-45 1.0892 0
-44 1.0985 0
-43 1.1079 0
-42 1.1174 0
-41 1.1276 0
-40 1.138 0
-39 1.1483 0
-38 1.1588 0
-37 1.1692 0
-36 1.18 0
-35 1.1906 0
-34 1.2018 0
-33 1.2123 0
-32 1.2231 0
-31 1.2332 0
-30 1.2432 0
-29 1.2517 0
-28 1.2585 0
-27 1.265 0
-26 1.2704 0
-25 1.2733 0
-24 1.2734 0
-23 1.2706 0
-22 1.2642 0
-21 1.2566 0
-20 1.2462 0
-19 1.23 0
-18 1.2096 0
-17 1.1818 0
-16 1.1459 0
-15 1.0991 0
-14 1.0408 0
-13 0.98541 0
-12 0.96082 0
-11 0.94579 0
-10 0.92859 0
-9 0.90858 0
-8 0.89534 0
-7 0.88793 0
-6 0.88279 0
-5 0.88059 0
-4 0.88034 0
