-59 0.53004 0
-58 0.53006 0
-57 0.53008 0
-56 0.5301 0
-55 0.53013 0
-54 0.53015 0
-53 0.53017 0
-52 0.53019 0
-51 0.53021 0
-50 0.53023 0
-49 0.53025 0
-48 0.53026 0
-47 0.53028 0
-46 0.5303 0
-45 0.53032 0
-44 0.53033 0
-43 0.53035 0
-42 0.53036 0
-41 0.53038 0
-40 0.53039 0
-39 0.5304 0
-38 0.53042 0
-37 0.53043 0
-36 0.53044 0
-35 0.53045 0
-34 0.53045 0
-33 0.53046 0
-32 0.53047 0
-31 0.53047 0
-30 0.53047 0
-29 0.53047 0
-28 0.53047 0
-27 0.53047 0
-26 0.53046 0
-25 0.53046 0
-24 0.53044 0
-23 0.53043 0
-22 0.53042 0
-21 0.5304 0
-20 0.53038 0
-19 0.53036 0
-18 0.53034 0
-17 0.53031 0
-16 0.53027 0
-15 0.53023 0
-14 0.53019 0
-13 0.53015 0
-12 0.53015 0
-11 0.53016 0
-10 0.53016 0
-9 0.53017 0
-8 0.53018 0
-7 0.5302 0
-6 0.53023 0
-5 0.53025 0
-4 0.53028 0
