-59 0.77607 0
-58 0.77609 0
-57 0.7761 0
-56 0.77612 0
-55 0.77613 0
-54 0.77614 0
-53 0.77615 0
-52 0.77615 0
-51 0.77615 0
-50 0.77615 0
-49 0.77615 0
-48 0.77615 0
-47 0.77614 0
-46 0.77613 0
-45 0.77612 0
-44 0.77611 0
-43 0.77609 0
-42 0.77607 0
-41 0.77605 0
-40 0.77602 0
-39 0.77599 0
-38 0.77595 0
-37 0.77591 0
-36 0.77587 0
-35 0.77582 0
-34 0.77576 0
-33 0.7757 0
-32 0.77564 0
-31 0.77557 0
-30 0.77549 0
-29 0.7754 0
-28 0.7753 0
-27 0.7752 0
-26 0.77508 0
-25 0.77496 0
-24 0.77482 0
-23 0.77467 0
-22 0.77451 0
-21 0.77434 0
-20 0.77417 0
-19 0.77397 0
-18 0.77377 0
-17 0.77354 0
-16 0.7733 0
-15 0.77302 0
-14 0.77272 0
-13 0.77246 0
-12 0.77235 0
-11 0.77229 0
-10 0.77223 0
-9 0.77217 0
-8 0.77214 0
-7 0.77214 0
-6 0.77216 0
-5 0.7722 0
-4 0.77224 0
