-59 0.68012 0
-58 0.68014 0
-57 0.68017 0
-56 0.68019 0
-55 0.68021 0
-54 0.68024 0
-53 0.68026 0
-52 0.68028 0
-51 0.6803 0
-50 0.68032 0
-49 0.68033 0
-48 0.68035 0
-47 0.68036 0
-46 0.68038 0
-45 0.68039 0
-44 0.6804 0
-43 0.68041 0
-42 0.68042 0
-41 0.68043 0
-40 0.68043 0
-39 0.68044 0
-38 0.68044 0
-37 0.68044 0
-36 0.68044 0
-35 0.68043 0
-34 0.68043 0
-33 0.68042 0
-32 0.6804 0
-31 0.68039 0
-30 0.68037 0
-29 0.68035 0
-28 0.68032 0
-27 0.68029 0
-26 0.68026 0
-25 0.68022 0
-24 0.68017 0
-23 0.68012 0
-22 0.68006 0
-21 0.68 0
-20 0.67994 0
-19 0.67987 0
-18 0.67979 0
-17 0.67971 0
-16 0.67961 0
-15 0.6795 0
-14 0.67938 0
-13 0.67928 0
-12 0.67925 0
-11 0.67924 0
-10 0.67923 0
-9 0.67922 0
-8 0.67923 0
-7 0.67925 0
-6 0.67927 0
-5 0.67931 0
-4 0.67935 0
