-58.5	0.9943	0.0029														
-52	0.981111784	0.002654482														
-42.25	0.9917	0.0029														
-33	0.97175765	0.002807685														
-31	0.9746	0.0028														
-15.75	0.928012838	0.00245798														
-9.75	0.910283797	0.002542735														
-1	0.916666177	0.002559336														
7	0.908953818	0.002466795														
																
																
																
																
																
																
																
																
																
																
																
																
																
																
																
																
																
																
																
																
																
																
																
																
																
																
																
